"","V1","V2","V3","V4","V5","V6","V7","V8","V9","V10","V11","V12","V13","V14","V15","V16","V17","V18","V19","V20","V21","V22","V23","V24","V25","V26","V27","V28","V29","V30","V31","V32","V33","V34","V35","V36","V37","V38"
"1",0,1.096102762,-0.998327533,11.75742482,-7.053510631,0,0,21.45572644,0,14.421994,0,24.41379314,0,14.04451922,0,12.74042941,10.63255814,0,0,0,8.882842988,21.21463716,10.98857906,11.64974134,29.67190189,11.50750632,0,0,11.43502994,0,1.444307744,12.48379896,-2.729516379,0,0,0,22.99565591,10.86891474
"2",1.096102762,0,-10.38201033,18.57424812,3.072618197,1.430542549,2.21341167,6.752579055,-4.970995732,10.32033223,6.465862889,-17.27573982,13.83317407,10.28090348,4.811906848,10.06549271,-10.66114851,-11.9249777,4.615002795,-0.141315163,3.727527385,15.49127566,-3.481466676,8.983642027,-2.565641344,0.273038681,-5.137258651,8.548917875,-23.29336041,-8.532292059,7.804424433,13.40274261,-32.87918239,-16.73042364,-14.55831433,-15.99404826,27.32757725,-9.269693283
"3",-0.998327533,-10.38201033,0,8.639389561,-24.43246657,-0.966999032,2.472826194,20.51484393,-7.326279195,-27.30666551,3.782035603,7.510607802,20.27995291,-20.01642439,17.15041627,7.668839888,10.36320098,3.545246975,-27.39232671,9.174064993,-9.605536278,18.54747906,4.642300708,-7.136631412,16.04126459,-3.714111355,-10.10762358,1.048356011,2.387893643,8.015699893,-20.82927107,-11.69308854,24.63421476,0.32774965,-10.55449578,-33.10078146,-4.124492345,78.22509908
"4",11.75742482,18.57424812,8.639389561,0,12.93954678,26.95615883,23.40807993,47.2309885,23.98160338,-1.834549475,25.21479486,29.05193526,10.27191331,28.05066048,17.94734433,36.2040566,24.52076125,11.57516927,-30.57954225,35.80952251,38.0703329,41.95459309,21.14351696,12.36712864,88.20447518,41.99838718,19.18011893,4.87871096,33.06126982,20.2200498,1.87911935,32.79137954,11.79106386,21.16222094,19.25946438,-23.50668559,28.68297391,27.20109148
"5",-7.053510631,3.072618197,-24.43246657,12.93954678,0,-10.81324567,-1.054029239,-6.85515238,-0.61240083,-21.60681736,-4.834704013,12.84897078,-10.5712824,-3.415464665,-4.349808115,-6.317024764,12.09875294,-18.12776366,-17.65193314,-6.780935365,-13.71988607,20.49776802,-8.953781546,-12.77397782,9.04525497,9.31768109,-3.693664962,-28.49151811,1.41155805,7.500964718,-20.68077486,5.477571196,-12.5438155,-13.31920317,-14.05161279,-38.01516994,18.00727343,4.034987219
"6",0,1.430542549,-0.966999032,26.95615883,-10.81324567,0,0,29.0665221,0,-4.684342044,0,31.53383947,0,6.416731272,0,4.982240283,14.48055563,0,0,0,-4.833249795,19.43805244,26.42622312,2.103263883,37.00291381,7.383652476,0,0,7.56626056,0,-3.848787748,19.19096936,-19.65881702,0,0,0,13.19321045,9.061264573
"7",0,2.21341167,2.472826194,23.40807993,-1.054029239,0,0,14.18815199,0,10.82516135,0,2.992264205,0,5.300310739,0,18.64252396,-4.82792384,0,0,0,10.91622234,26.57247529,9.033105367,10.05525371,24.77674304,-1.806522867,0,0,10.42588205,0,2.495239414,14.45936355,-7.789094289,0,0,0,30.69582424,10.13071851
"8",21.45572644,6.752579055,20.51484393,47.2309885,-6.85515238,29.0665221,14.18815199,0,-24.49171442,29.79198375,22.68755667,19.84983708,9.609966839,13.36458486,17.55480567,11.07792986,15.68899177,13.46281268,9.709194998,29.58575153,23.30637616,24.3862475,29.84276493,27.95203801,52.51983895,29.37734376,-12.69564219,34.23515496,-21.25831569,31.3949814,11.41058659,26.54232067,-51.49425284,7.104908686,10.67249367,-10.3994299,24.08899164,34.84155261
"9",0,-4.970995732,-7.326279195,23.98160338,-0.61240083,0,0,-24.49171442,0,5.140814411,0,-14.64932466,0,5.049612742,0,14.95616092,-29.52280562,0,0,0,-4.763497501,-15.87893439,-4.467140682,-7.812754366,-0.351497006,-3.647114038,0,0,-2.077301759,0,-10.39016133,3.404617819,-21.69886716,0,0,0,6.495242192,-13.40271864
"10",14.421994,10.32033223,-27.30666551,-1.834549475,-21.60681736,-4.684342044,10.82516135,29.79198375,5.140814411,0,1.935598058,32.25620878,-7.289445362,-2.639714416,-1.058408414,4.854821265,19.5393657,2.464163383,-18.71590479,10.31267863,-20.90269332,23.77484431,8.542395451,-21.43257341,25.02618436,8.12826927,-5.635040056,-9.079856128,8.945282806,5.799190486,-15.41333329,21.01552975,2.076878267,-4.531403458,-16.98016101,-36.73261246,-23.37276881,15.65889832
"11",0,6.465862889,3.782035603,25.21479486,-4.834704013,0,0,22.68755667,0,1.935598058,0,12.41447534,0,9.038323628,0,-3.651886411,9.975958268,0,0,0,26.36028697,44.06061044,8.163612833,-9.384556697,26.28132634,2.992515413,0,0,14.0075114,0,-17.31329588,-4.059515997,11.61955498,0,0,0,18.61639583,23.08072424
"12",24.41379314,-17.27573982,7.510607802,29.05193526,12.84897078,31.53383947,2.992264205,19.84983708,-14.64932466,32.25620878,12.41447534,0,41.85350576,0.346307418,15.20328894,24.00800198,2.482818371,1.926978944,10.67712152,-12.47091698,24.62671243,40.73762885,19.30350683,25.87509492,17.97298939,12.37775132,-8.145473694,11.37959046,-1.164693008,42.30916661,13.09047278,19.28318544,10.90420489,58.19345418,114.6457311,17.37129323,69.68689858,24.72858795
"13",0,13.83317407,20.27995291,10.27191331,-10.5712824,0,0,9.609966839,0,-7.289445362,0,41.85350576,0,7.260033123,0,5.192385473,18.86209891,0,0,0,33.39039432,47.61284483,22.09555743,-10.31394043,30.50590257,12.63601368,0,0,14.54518531,0,-19.78803715,5.12367313,1.704586921,0,0,0,17.67993739,54.77812255
"14",14.04451922,10.28090348,-20.01642439,28.05066048,-3.415464665,6.416731272,5.300310739,13.36458486,5.049612742,-2.639714416,9.038323628,0.346307418,7.260033123,0,7.470769975,16.23660669,21.86875611,-15.40444384,-13.78559857,-5.77444289,-5.151226471,32.7253206,17.31681488,-5.880115564,11.43195398,1.784160616,-3.145967729,-0.158711967,5.899299459,-0.826332506,-13.33651052,14.33991751,-40.59807165,2.9614133,-5.97610342,-45.238919,24.71210503,17.51222958
"15",0,4.811906848,17.15041627,17.94734433,-4.349808115,0,0,17.55480567,0,-1.058408414,0,15.20328894,0,7.470769975,0,2.154122307,9.710091887,0,0,0,21.70074093,29.71199804,9.327425703,3.584879605,11.68265939,2.066397607,0,0,13.13921892,0,-12.9885297,-3.732798273,6.643439092,0,0,0,0.867998221,46.03079346
"16",12.74042941,10.06549271,7.668839888,36.2040566,-6.317024764,4.982240283,18.64252396,11.07792986,14.95616092,4.854821265,-3.651886411,24.00800198,5.192385473,16.23660669,2.154122307,0,20.80027509,5.090804266,-20.71818056,-4.59010723,18.11176531,26.41871432,13.81538365,-5.500935539,51.97185783,12.40978907,13.10287555,-6.157279806,12.64766617,19.82970677,-5.150757416,13.58103981,15.62415617,16.1613486,53.11094325,-8.700899499,16.20797271,12.55202647
"17",10.63255814,-10.66114851,10.36320098,24.52076125,12.09875294,14.48055563,-4.82792384,15.68899177,-29.52280562,19.5393657,9.975958268,2.482818371,18.86209891,21.86875611,9.710091887,20.80027509,0,-4.993489262,1.13462101,17.87205126,14.14941131,37.23268044,25.01638538,15.96701532,14.61761091,16.28375392,-12.20687012,22.59679142,6.19947939,34.14797271,11.76215603,24.3430227,-6.400947724,17.90068116,15.20486157,-18.13521888,38.79002832,12.2078472
"18",0,-11.9249777,3.545246975,11.57516927,-18.12776366,0,0,13.46281268,0,2.464163383,0,1.926978944,0,-15.40444384,0,5.090804266,-4.993489262,0,0,0,4.363682042,17.63230625,16.21109613,10.51458385,10.45863739,6.160909159,0,0,-11.27055053,0,7.44702246,14.69403263,-11.69491228,0,0,0,22.24739726,7.453821171
"19",0,4.615002795,-27.39232671,-30.57954225,-17.65193314,0,0,9.709194998,0,-18.71590479,0,10.67712152,0,-13.78559857,0,-20.71818056,1.13462101,0,0,0,-24.84040985,-9.149003716,-9.904866439,-22.0539202,-12.34087865,-2.095320291,0,0,5.317134339,0,-10.78044433,-17.16750466,-44.02277073,0,0,0,-32.04507675,-24.3180062
"20",0,-0.141315163,9.174064993,35.80952251,-6.780935365,0,0,29.58575153,0,10.31267863,0,-12.47091698,0,-5.77444289,0,-4.59010723,17.87205126,0,0,0,26.40852315,48.40918293,16.59450834,3.534322908,30.11719686,11.1309974,0,0,-2.593260069,0,-30.37872468,7.913682931,5.047479401,0,0,0,17.01842289,44.69988527
"21",8.882842988,3.727527385,-9.605536278,38.0703329,-13.71988607,-4.833249795,10.91622234,23.30637616,-4.763497501,-20.90269332,26.36028697,24.62671243,33.39039432,-5.151226471,21.70074093,18.11176531,14.14941131,4.363682042,-24.84040985,26.40852315,0,46.73735528,23.96500405,13.1406988,21.68451619,27.66022432,-21.21168925,29.16123319,-23.95662941,25.11698704,4.336603296,21.15676092,-10.89354601,30.99670532,-9.689371566,-23.5722952,38.09436999,28.09255419
"22",21.21463716,15.49127566,18.54747906,41.95459309,20.49776802,19.43805244,26.57247529,24.3862475,-15.87893439,23.77484431,44.06061044,40.73762885,47.61284483,32.7253206,29.71199804,26.41871432,37.23268044,17.63230625,-9.149003716,48.40918293,46.73735528,0,49.38584587,5.821203624,-9.444521038,10.47922471,25.71410243,39.85968008,28.38913282,28.41869668,1.210274141,16.85587814,3.621981514,54.93715218,18.27776056,-5.069764461,38.09223417,41.15436443
"23",10.98857906,-3.481466676,4.642300708,21.14351696,-8.953781546,26.42622312,9.033105367,29.84276493,-4.467140682,8.542395451,8.163612833,19.30350683,22.09555743,17.31681488,9.327425703,13.81538365,25.01638538,16.21109613,-9.904866439,16.59450834,23.96500405,49.38584587,0,-1.640894638,34.69813515,12.1209564,5.689408623,-9.587933401,23.94091103,38.2374649,-7.865619709,7.668908064,57.97914751,36.83249416,16.41753732,-28.56345145,16.99640972,18.58371939
"24",11.64974134,8.983642027,-7.136631412,12.36712864,-12.77397782,2.103263883,10.05525371,27.95203801,-7.812754366,-21.43257341,-9.384556697,25.87509492,-10.31394043,-5.880115564,3.584879605,-5.500935539,15.96701532,10.51458385,-22.0539202,3.534322908,13.1406988,5.821203624,-1.640894638,0,20.43438876,6.270205327,8.704912424,13.5953715,1.249214408,7.517621383,-1.480833942,-2.336895757,-8.770771435,3.76030245,39.35686611,-21.4123089,9.027358292,-1.66084623
"25",29.67190189,-2.565641344,16.04126459,88.20447518,9.04525497,37.00291381,24.77674304,52.51983895,-0.351497006,25.02618436,26.28132634,17.97298939,30.50590257,11.43195398,11.68265939,51.97185783,14.61761091,10.45863739,-12.34087865,30.11719686,21.68451619,-9.444521038,34.69813515,20.43438876,0,27.65832722,10.29466497,41.0674989,29.6917769,28.27510877,18.83396146,18.12398406,5.557310918,27.35834307,31.85489656,-1.043912262,20.80907985,16.21008801
"26",11.50750632,0.273038681,-3.714111355,41.99838718,9.31768109,7.383652476,-1.806522867,29.37734376,-3.647114038,8.12826927,2.992515413,12.37775132,12.63601368,1.784160616,2.066397607,12.40978907,16.28375392,6.160909159,-2.095320291,11.1309974,27.66022432,10.47922471,12.1209564,6.270205327,27.65832722,0,-3.942389132,28.84721015,12.62447634,8.416764154,13.57360594,10.71520901,-0.106369466,33.14463431,80.77168358,-11.29668194,31.14318797,13.79906022
"27",0,-5.137258651,-10.10762358,19.18011893,-3.693664962,0,0,-12.69564219,0,-5.635040056,0,-8.145473694,0,-3.145967729,0,13.10287555,-12.20687012,0,0,0,-21.21168925,25.71410243,5.689408623,8.704912424,10.29466497,-3.942389132,0,0,-2.820856737,0,-10.30358434,-4.581335943,-23.16656545,0,0,0,29.03432771,12.17978081
"28",0,8.548917875,1.048356011,4.87871096,-28.49151811,0,0,34.23515496,0,-9.079856128,0,11.37959046,0,-0.158711967,0,-6.157279806,22.59679142,0,0,0,29.16123319,39.85968008,-9.587933401,13.5953715,41.0674989,28.84721015,0,0,5.929214023,0,-11.0541298,-5.041911901,-2.610176659,0,0,0,11.64708078,7.725489912
"29",11.43502994,-23.29336041,2.387893643,33.06126982,1.41155805,7.56626056,10.42588205,-21.25831569,-2.077301759,8.945282806,14.0075114,-1.164693008,14.54518531,5.899299459,13.13921892,12.64766617,6.19947939,-11.27055053,5.317134339,-2.593260069,-23.95662941,28.38913282,23.94091103,1.249214408,29.6917769,12.62447634,-2.820856737,5.929214023,0,8.706145678,5.848437659,18.99671501,-31.43592561,7.676327855,6.142630459,-23.63375513,29.72417881,8.443730119
"30",0,-8.532292059,8.015699893,20.2200498,7.500964718,0,0,31.3949814,0,5.799190486,0,42.30916661,0,-0.826332506,0,19.82970677,34.14797271,0,0,0,25.11698704,28.41869668,38.2374649,7.517621383,28.27510877,8.416764154,0,0,8.706145678,0,4.954586232,18.63320712,-12.43379703,0,0,0,29.04666653,13.89410924
"31",1.444307744,7.804424433,-20.82927107,1.87911935,-20.68077486,-3.848787748,2.495239414,11.41058659,-10.39016133,-15.41333329,-17.31329588,13.09047278,-19.78803715,-13.33651052,-12.9885297,-5.150757416,11.76215603,7.44702246,-10.78044433,-30.37872468,4.336603296,1.210274141,-7.865619709,-1.480833942,18.83396146,13.57360594,-10.30358434,-11.0541298,5.848437659,4.954586232,0,-5.333325203,12.24034409,-5.749697079,39.73514779,-21.14018405,-6.252657443,-0.425767363
"32",12.48379896,13.40274261,-11.69308854,32.79137954,5.477571196,19.19096936,14.45936355,26.54232067,3.404617819,21.01552975,-4.059515997,19.28318544,5.12367313,14.33991751,-3.732798273,13.58103981,24.3430227,14.69403263,-17.16750466,7.913682931,21.15676092,16.85587814,7.668908064,-2.336895757,18.12398406,10.71520901,-4.581335943,-5.041911901,18.99671501,18.63320712,-5.333325203,0,18.06898275,6.63853735,6.344013992,-16.79739198,4.680162224,12.0059817
"33",-2.729516379,-32.87918239,24.63421476,11.79106386,-12.5438155,-19.65881702,-7.789094289,-51.49425284,-21.69886716,2.076878267,11.61955498,10.90420489,1.704586921,-40.59807165,6.643439092,15.62415617,-6.400947724,-11.69491228,-44.02277073,5.047479401,-10.89354601,3.621981514,57.97914751,-8.770771435,5.557310918,-0.106369466,-23.16656545,-2.610176659,-31.43592561,-12.43379703,12.24034409,18.06898275,0,8.426893968,-41.05187366,-30.95316635,18.64303801,9.438605325
"34",0,-16.73042364,0.32774965,21.16222094,-13.31920317,0,0,7.104908686,0,-4.531403458,0,58.19345418,0,2.9614133,0,16.1613486,17.90068116,0,0,0,30.99670532,54.93715218,36.83249416,3.76030245,27.35834307,33.14463431,0,0,7.676327855,0,-5.749697079,6.63853735,8.426893968,0,0,0,23.43854705,34.95452145
"35",0,-14.55831433,-10.55449578,19.25946438,-14.05161279,0,0,10.67249367,0,-16.98016101,0,114.6457311,0,-5.97610342,0,53.11094325,15.20486157,0,0,0,-9.689371566,18.27776056,16.41753732,39.35686611,31.85489656,80.77168358,0,0,6.142630459,0,39.73514779,6.344013992,-41.05187366,0,0,0,18.28194836,7.358950113
"36",0,-15.99404826,-33.10078146,-23.50668559,-38.01516994,0,0,-10.3994299,0,-36.73261246,0,17.37129323,0,-45.238919,0,-8.700899499,-18.13521888,0,0,0,-23.5722952,-5.069764461,-28.56345145,-21.4123089,-1.043912262,-11.29668194,0,0,-23.63375513,0,-21.14018405,-16.79739198,-30.95316635,0,0,0,-14.693083,-18.61847602
"37",22.99565591,27.32757725,-4.124492345,28.68297391,18.00727343,13.19321045,30.69582424,24.08899164,6.495242192,-23.37276881,18.61639583,69.68689858,17.67993739,24.71210503,0.867998221,16.20797271,38.79002832,22.24739726,-32.04507675,17.01842289,38.09436999,38.09223417,16.99640972,9.027358292,20.80907985,31.14318797,29.03432771,11.64708078,29.72417881,29.04666653,-6.252657443,4.680162224,18.64303801,23.43854705,18.28194836,-14.693083,0,25.84803199
"38",10.86891474,-9.269693283,78.22509908,27.20109148,4.034987219,9.061264573,10.13071851,34.84155261,-13.40271864,15.65889832,23.08072424,24.72858795,54.77812255,17.51222958,46.03079346,12.55202647,12.2078472,7.453821171,-24.3180062,44.69988527,28.09255419,41.15436443,18.58371939,-1.66084623,16.21008801,13.79906022,12.17978081,7.725489912,8.443730119,13.89410924,-0.425767363,12.0059817,9.438605325,34.95452145,7.358950113,-18.61847602,25.84803199,0
