"","V1","V2","V3","V4","V5","V6","V7","V8","V9","V10","V11","V12","V13","V14","V15","V16","V17","V18","V19","V20","V21","V22","V23","V24","V25","V26","V27","V28","V29","V30","V31","V32","V33","V34","V35","V36","V37","V38"
"1",0,-8.979213946,-4.001507328,0.049724345,-6.175982009,0,0,21.38558819,0,-11.87695993,0,12.41733168,0,-6.353136659,0,3.095071036,17.4905864,0,0,0,0.848530544,-16.46662416,-14.5737162,0.956959524,6.877591215,-0.374344648,0,0,-6.245195086,0,-13.81534377,2.082310176,-17.96614029,0,0,0,-8.398048463,3.6292724
"2",-8.979213946,0,-3.458477151,19.44534742,1.040175706,3.638211813,-4.952741064,28.27503441,-5.196459674,5.174003327,4.940928364,0.859202484,-6.133935958,13.06813937,-2.376072567,1.053191798,15.54487629,-5.391053691,-15.09554516,18.02381128,-2.037890754,-2.763945186,-10.49160317,8.058884615,6.928313678,10.21763578,-22.77447668,-2.10631869,-11.59020276,-6.582623677,2.735996957,3.756533031,1.115400265,-20.57774761,-31.81536286,-2.38539239,1.601934317,1.066912294
"3",-4.001507328,-3.458477151,0,6.856230324,-6.806273259,1.0369128,-4.0399195,25.42571635,7.245505128,-15.35342803,8.227604846,14.13132658,9.202070555,-9.604777135,0.7142506325,3.0703396005,23.42830874,-0.805492522,-3.938172737,8.613721616,18.25595385,5.245592655,9.091254821,7.130596637,19.9543678,5.006018425,-2.694827624,10.22566745,7.215538936,5.652250385,-6.000398286,-0.626435798,2.423487975,1.525824369,-0.715024317,3.382661424,4.416866718,26.649056395
"4",0.049724345,19.44534742,6.856230324,0,21.58994155,30.01072674,15.21554287,49.58537842,26.61560809,6.940384634,10.41877057,38.90157501,8.533463282,14.32727111,0.1410336,23.24950679,48.30622234,14.79446903,7.175530374,19.88938667,34.68018858,22.93872493,13.13126967,22.5055494,56.87485083,27.91776764,-0.67486542,-0.172008744,36.87698726,11.58051482,1.559929452,13.91173227,22.24472167,14.12689082,21.06278538,14.9718237,20.0076554,22.42661342
"5",-6.175982009,1.040175706,-6.806273259,21.58994155,0,17.17220066,5.096487233,38.26264078,8.38042906,-16.74289563,3.783414197,4.443649109,5.782023495,0.984737226,-3.696604128,6.896124843,18.27788586,-3.955374776,-0.275437649,9.839588987,9.059067637,11.02237067,4.844794152,-5.124067005,20.47515367,11.26617745,-12.43250146,3.077142016,1.136032484,11.5858005,-12.18622651,0.4992391,0.238133815,0.558329438,4.51197971,-2.567892115,-0.472811029,-3.359921649
"6",0,3.638211813,1.0369128,30.01072674,17.17220066,0,0,42.00388849,0,-2.044819159,0,20.16588576,0,-1.086357681,0,2.893768119,29.26967698,0,0,0,-11.79848688,-0.024954089,-12.1726948,-6.419117723,19.40428736,-11.09833158,0,0,-0.555141023,0,-20.72438161,5.695108404,4.523759783,0,0,0,8.504959585,19.40682201
"7",0,-4.952741064,-4.0399195,15.21554287,5.096487233,0,0,20.84082433,0,0.334127273,0,-3.072280744,0,1.096419798,0,-3.479588123,-9.032689811,0,0,0,-11.15448584,-7.130174418,-13.74195139,-7.056699596,4.821455146,-10.06942914,0,0,-3.885033928,0,-3.301070463,0.808875706,-0.019538333,0,0,0,3.969061749,6.366250764
"8",21.38558819,28.27503441,25.42571635,49.58537842,38.26264078,42.00388849,20.84082433,0,61.01399927,19.80814648,40.48800624,39.95268983,60.79997037,28.70070653,19.23224404,46.91523611,56.42162425,22.8819116,10.30840849,60.0241176,58.9528984,37.64561986,34.29853174,42.36548126,56.92641316,44.17722855,15.85828692,51.96863126,47.84534611,39.68598911,12.2339626,23.54768121,12.5673845,27.20024806,42.18423999,53.84310556,12.48648607,39.556926925
"9",0,-5.196459674,7.245505128,26.61560809,8.38042906,0,0,61.01399927,0,2.582136544,0,18.49637803,0,2.463237142,0,-1.557649196,28.11855047,0,0,0,38.20959773,20.46092764,17.13225583,8.084234297,49.61409943,19.89903226,0,0,6.19826361,0,5.380538143,10.87418112,-11.96595315,0,0,0,15.14782236,5.418211491
"10",-11.87695993,5.174003327,-15.35342803,6.940384634,-16.74289563,-2.044819159,0.334127273,19.80814648,2.582136544,0,-2.288709853,6.488872239,3.071693084,-2.492823839,-8.387551733,5.403311375,24.1077486,-4.712548121,-2.552213411,8.887980503,-3.322099861,-6.929982074,-12.53597676,-4.434959738,-0.119382165,-7.185271386,-19.22260651,-5.761763953,-2.628099968,-13.48023349,-18.95008123,0.720141555,-11.89639077,-2.24043516,-20.29283824,-4.391422366,-25.94683162,-7.508786888
"11",0,4.940928364,8.227604846,10.41877057,3.783414197,0,0,40.48800624,0,-2.288709853,0,21.36506775,0,-8.242673892,0,-5.772930104,27.36484932,0,0,0,22.72333325,9.422195964,-9.400356578,-11.25304566,10.03151198,1.947655584,0,0,8.596142966,0,-15.29786353,-2.036964087,-0.185936484,0,0,0,9.89044371,11.16793224
"12",12.41733168,0.859202484,14.13132658,38.90157501,4.443649109,20.16588576,-3.072280744,39.95268983,18.49637803,6.488872239,21.36506775,0,42.42601554,-2.718358817,10.29169882,24.54634356,-4.665475423,2.917968387,-1.960145554,5.025603298,32.11986629,19.22379042,16.4102642,24.63964295,47.34442041,22.84912197,-3.211574446,29.38236,37.16879127,17.72507981,-2.257154012,16.80567643,-9.579302695,32.12638544,42.3579718,34.26409169,16.20687435,21.94775464
"13",0,-6.133935958,9.202070555,8.533463282,5.782023495,0,0,60.79997037,0,3.071693084,0,42.42601554,0,-10.67503159,0,6.94626662,50.4281854,0,0,0,36.55388298,3.696659058,3.284335966,2.761794919,11.94561077,4.006327786,0,0,30.23540886,0,-10.0797683,4.569778444,-3.522124658,0,0,0,10.27511559,18.18567062
"14",-6.353136659,13.06813937,-9.604777135,14.32727111,0.984737226,-1.086357681,1.096419798,28.70070653,2.463237142,-2.492823839,-8.242673892,-2.718358817,-10.67503159,0,-3.335360779,10.49389124,13.6084643,-14.01295594,-5.997125214,-0.762136692,-9.939653471,3.933545452,-17.26781172,-8.031820198,5.763741367,-2.922885508,-24.37481524,-17.56400238,-14.47538408,-18.13081596,-8.422196512,6.834626773,-3.986723154,-5.569631965,-28.62431489,-15.41936663,-7.712031573,6.963550415
"15",0,-2.376072567,0.7142506325,0.1410336,-3.696604128,0,0,19.23224404,0,-8.387551733,0,10.29169882,0,-3.335360779,0,-0.094835716,6.353203799,0,0,0,5.475319874,1.707810327,-3.155548345,-2.220348891,5.067260649,1.650883217,0,0,7.479853203,0,-10.47691726,-4.24258743,-0.763086804,0,0,0,0.137725023,17.871104105
"16",3.095071036,1.053191798,3.0703396005,23.24950679,6.896124843,2.893768119,-3.479588123,46.91523611,-1.557649196,5.403311375,-5.772930104,24.54634356,6.94626662,10.49389124,-0.094835716,0,25.76757675,2.351426038,-3.976776191,0.756970719,23.91476532,3.990673901,4.548406443,2.420622444,28.39515721,15.71308083,-2.452649064,-5.088876639,12.83024918,8.337980768,0.941753313,5.443011399,4.867554616,10.0465601,13.08406127,5.237040929,15.29045291,11.79516371
"17",17.4905864,15.54487629,23.42830874,48.30622234,18.27788586,29.26967698,-9.032689811,56.42162425,28.11855047,24.1077486,27.36484932,-4.665475423,50.4281854,13.6084643,6.353203799,25.76757675,0,11.41634361,4.158579974,48.26045476,38.312111485,16.43461968,31.11158097,28.43135492,58.28508027,56.241644305,-2.930481586,44.74681055,62.69581502,25.47652962,-1.253803208,22.24450212,6.005303906,26.61682989,33.08985674,44.24021216,14.32521296,34.52902977
"18",0,-5.391053691,-0.805492522,14.79446903,-3.955374776,0,0,22.8819116,0,-4.712548121,0,2.917968387,0,-14.01295594,0,2.351426038,11.41634361,0,0,0,-4.86589149,-19.04047143,-7.318763761,-8.19848652,18.38020477,2.469763557,0,0,-15.73853283,0,-3.263749395,1.199822329,-5.98966918,0,0,0,1.45626137,6.653447579
"19",0,-15.09554516,-3.938172737,7.175530374,-0.275437649,0,0,10.30840849,0,-2.552213411,0,-1.960145554,0,-5.997125214,0,-3.976776191,4.158579974,0,0,0,-6.344415958,-29.07732432,-7.987242446,-15.79526144,-4.623336845,-1.57809904,0,0,-11.54436348,0,1.656346084,-1.031290676,-4.572229584,0,0,0,-3.45291067,6.96963184
"20",0,18.02381128,8.613721616,19.88938667,9.839588987,0,0,60.0241176,0,8.887980503,0,5.025603298,0,-0.762136692,0,0.756970719,48.26045476,0,0,0,21.29473214,15.2844889,7.470231388,-10.26009055,19.455189,7.006186703,0,0,18.98141705,0,-32.89159201,0.409406759,9.692913781,0,0,0,11.34832909,4.23645538
"21",0.848530544,-2.037890754,18.25595385,34.68018858,9.059067637,-11.79848688,-11.15448584,58.9528984,38.20959773,-3.322099861,22.72333325,32.11986629,36.55388298,-9.939653471,5.475319874,23.91476532,38.312111485,-4.86589149,-6.344415958,21.29473214,0,12.95319563,12.72684049,16.50208313,30.820174185,19.86313338,-8.652099811,28.6569063,40.30703362,9.428332732,3.294979889,24.36712124,0.121417634,29.40647247,10.28240512,31.50647277,17.42016365,26.08727601
"22",-16.46662416,-2.763945186,5.245592655,22.93872493,11.02237067,-0.024954089,-7.130174418,37.64561986,20.46092764,-6.929982074,9.422195964,19.22379042,3.696659058,3.933545452,1.707810327,3.990673901,16.43461968,-19.04047143,-29.07732432,15.2844889,12.95319563,0,5.74889296,3.395240732,15.43401379,-6.64121962,-19.74773562,7.858936234,-2.294369107,-22.55975815,-5.475117065,3.822642403,-25.83721348,8.603951754,-8.207478608,-0.188559385,10.41355856,5.590080307
"23",-14.5737162,-10.49160317,9.091254821,13.13126967,4.844794152,-12.1726948,-13.74195139,34.29853174,17.13225583,-12.53597676,-9.400356578,16.4102642,3.284335966,-17.26781172,-3.155548345,4.548406443,31.11158097,-7.318763761,-7.987242446,7.470231388,12.72684049,5.74889296,0,0.111498978,22.08557507,11.29190326,-17.71637215,-3.933991127,-2.84261468,-0.573360387,-5.59961435,5.029132896,59.976841295,12.0406261,-2.883093299,-4.522987365,-3.640807019,-10.4754615095
"24",0.956959524,8.058884615,7.130596637,22.5055494,-5.124067005,-6.419117723,-7.056699596,42.36548126,8.084234297,-4.434959738,-11.25304566,24.63964295,2.761794919,-8.031820198,-2.220348891,2.420622444,28.43135492,-8.19848652,-15.79526144,-10.26009055,16.50208313,3.395240732,0.111498978,0,18.75343441,-0.916445312,-11.86178847,11.08430597,12.12582631,-9.004606746,-7.198627001,1.271915878,2.180026234,8.618847316,6.481836608,-0.167024828,-0.518854633,3.968894795
"25",6.877591215,6.928313678,19.9543678,56.87485083,20.47515367,19.40428736,4.821455146,56.92641316,49.61409943,-0.119382165,10.03151198,47.34442041,11.94561077,5.763741367,5.067260649,28.39515721,58.28508027,18.38020477,-4.623336845,19.455189,30.820174185,15.43401379,22.08557507,18.75343441,0,29.67300707,-12.62806223,30.12878538,22.1260514,-2.029860089,7.138885044,21.18513113,13.32260584,18.6708997,32.69924727,17.98116366,10.40998998,19.8264716
"26",-0.374344648,10.21763578,5.006018425,27.91776764,11.26617745,-11.09833158,-10.06942914,44.17722855,19.89903226,-7.185271386,1.947655584,22.84912197,4.006327786,-2.922885508,1.650883217,15.71308083,56.241644305,2.469763557,-1.57809904,7.006186703,19.86313338,-6.64121962,11.29190326,-0.916445312,29.67300707,0,-24.23858389,21.69350126,20.92326198,-4.459780718,0.578392953,16.082512369,-8.392284233,17.23381645,23.97481204,16.07858794,4.345394104,14.67489273
"27",0,-22.77447668,-2.694827624,-0.67486542,-12.43250146,0,0,15.85828692,0,-19.22260651,0,-3.211574446,0,-24.37481524,0,-2.452649064,-2.930481586,0,0,0,-8.652099811,-19.74773562,-17.71637215,-11.86178847,-12.62806223,-24.23858389,0,0,-4.443887966,0,-25.00545046,-3.221487713,-34.21970381,0,0,0,-10.08155517,0.908467584
"28",0,-2.10631869,10.22566745,-0.172008744,3.077142016,0,0,51.96863126,0,-5.761763953,0,29.38236,0,-17.56400238,0,-5.088876639,44.74681055,0,0,0,28.6569063,7.858936234,-3.933991127,11.08430597,30.12878538,21.69350126,0,0,8.631546361,0,-12.21873278,0.443245293,3.434487895,0,0,0,10.37497465,9.877601391
"29",-6.245195086,-11.59020276,7.215538936,36.87698726,1.136032484,-0.555141023,-3.885033928,47.84534611,6.19826361,-2.628099968,8.596142966,37.16879127,30.23540886,-14.47538408,7.479853203,12.83024918,62.69581502,-15.73853283,-11.54436348,18.98141705,40.30703362,-2.294369107,-2.84261468,12.12582631,22.1260514,20.92326198,-4.443887966,8.631546361,0,-16.71873555,14.53549672,7.441131044,-6.771502583,15.78240893,8.306245512,7.460536048,6.668161252,18.84849908
"30",0,-6.582623677,5.652250385,11.58051482,11.5858005,0,0,39.68598911,0,-13.48023349,0,17.72507981,0,-18.13081596,0,8.337980768,25.47652962,0,0,0,9.428332732,-22.55975815,-0.573360387,-9.004606746,-2.029860089,-4.459780718,0,0,-16.71873555,0,-5.28635542,2.256047293,-29.84824188,0,0,0,-3.950777377,1.432400743
"31",-13.81534377,2.735996957,-6.000398286,1.559929452,-12.18622651,-20.72438161,-3.301070463,12.2339626,5.380538143,-18.95008123,-15.29786353,-2.257154012,-10.0797683,-8.422196512,-10.47691726,0.941753313,-1.253803208,-3.263749395,1.656346084,-32.89159201,3.294979889,-5.475117065,-5.59961435,-7.198627001,7.138885044,0.578392953,-25.00545046,-12.21873278,14.53549672,-5.28635542,0,-5.681687192,-7.361379537,-4.813212408,0.95587232,-5.44181107,-18.07968202,-8.251372237
"32",2.082310176,3.756533031,-0.626435798,13.91173227,0.4992391,5.695108404,0.808875706,23.54768121,10.87418112,0.720141555,-2.036964087,16.80567643,4.569778444,6.834626773,-4.24258743,5.443011399,22.24450212,1.199822329,-1.031290676,0.409406759,24.36712124,3.822642403,5.029132896,1.271915878,21.18513113,16.082512369,-3.221487713,0.443245293,7.441131044,2.256047293,-5.681687192,0,7.432574779,-2.977936625,-0.270805709,2.604715446,1.117749047,3.411699284
"33",-17.96614029,1.115400265,2.423487975,22.24472167,0.238133815,4.523759783,-0.019538333,12.5673845,-11.96595315,-11.89639077,-0.185936484,-9.579302695,-3.522124658,-3.986723154,-0.763086804,4.867554616,6.005303906,-5.98966918,-4.572229584,9.692913781,0.121417634,-25.83721348,59.976841295,2.180026234,13.32260584,-8.392284233,-34.21970381,3.434487895,-6.771502583,-29.84824188,-7.361379537,7.432574779,0,-7.742677237,-51.81234071,-1.346435171,8.430885402,8.6891659025
"34",0,-20.57774761,1.525824369,14.12689082,0.558329438,0,0,27.20024806,0,-2.24043516,0,32.12638544,0,-5.569631965,0,10.0465601,26.61682989,0,0,0,29.40647247,8.603951754,12.0406261,8.618847316,18.6708997,17.23381645,0,0,15.78240893,0,-4.813212408,-2.977936625,-7.742677237,0,0,0,7.674413562,2.991377196
"35",0,-31.81536286,-0.715024317,21.06278538,4.51197971,0,0,42.18423999,0,-20.29283824,0,42.3579718,0,-28.62431489,0,13.08406127,33.08985674,0,0,0,10.28240512,-8.207478608,-2.883093299,6.481836608,32.69924727,23.97481204,0,0,8.306245512,0,0.95587232,-0.270805709,-51.81234071,0,0,0,4.47355371,4.629557961
"36",0,-2.38539239,3.382661424,14.9718237,-2.567892115,0,0,53.84310556,0,-4.391422366,0,34.26409169,0,-15.41936663,0,5.237040929,44.24021216,0,0,0,31.50647277,-0.188559385,-4.522987365,-0.167024828,17.98116366,16.07858794,0,0,7.460536048,0,-5.44181107,2.604715446,-1.346435171,0,0,0,3.330779236,10.65710216
"37",-8.398048463,1.601934317,4.416866718,20.0076554,-0.472811029,8.504959585,3.969061749,12.48648607,15.14782236,-25.94683162,9.89044371,16.20687435,10.27511559,-7.712031573,0.137725023,15.29045291,14.32521296,1.45626137,-3.45291067,11.34832909,17.42016365,10.41355856,-3.640807019,-0.518854633,10.40998998,4.345394104,-10.08155517,10.37497465,6.668161252,-3.950777377,-18.07968202,1.117749047,8.430885402,7.674413562,4.47355371,3.330779236,0,10.79337324
"38",3.6292724,1.066912294,26.649056395,22.42661342,-3.359921649,19.40682201,6.366250764,39.556926925,5.418211491,-7.508786888,11.16793224,21.94775464,18.18567062,6.963550415,17.871104105,11.79516371,34.52902977,6.653447579,6.96963184,4.23645538,26.08727601,5.590080307,-10.4754615095,3.968894795,19.8264716,14.67489273,0.908467584,9.877601391,18.84849908,1.432400743,-8.251372237,3.411699284,8.6891659025,2.991377196,4.629557961,10.65710216,10.79337324,0
